Beginning Balance,Principal Paid,Interest Paid,Ending Balance
$285000.00,$418.00,$926.25,$284582.00
$284582.00,$419.36,$924.89,$284162.64
$284162.64,$420.73,$923.53,$283741.91
$283741.91,$422.09,$922.16,$283319.82
$283319.82,$423.46,$920.79,$282896.36
$282896.36,$424.84,$919.41,$282471.52
$282471.52,$426.22,$918.03,$282045.30
$282045.30,$427.61,$916.65,$281617.69
$281617.69,$429.00,$915.26,$281188.69
$281188.69,$430.39,$913.86,$280758.30
$280758.30,$431.79,$912.46,$280326.51
$280326.51,$433.19,$911.06,$279893.32
$279893.32,$434.60,$909.65,$279458.72
$279458.72,$436.01,$908.24,$279022.71
$279022.71,$437.43,$906.82,$278585.28
$278585.28,$438.85,$905.40,$278146.43
$278146.43,$440.28,$903.98,$277706.15
$277706.15,$441.71,$902.54,$277264.44
$277264.44,$443.14,$901.11,$276821.30
$276821.30,$444.59,$899.67,$276376.71
$276376.71,$446.03,$898.22,$275930.68
$275930.68,$447.48,$896.77,$275483.20
$275483.20,$448.93,$895.32,$275034.27
$275034.27,$450.39,$893.86,$274583.88
$274583.88,$451.86,$892.40,$274132.02
$274132.02,$453.33,$890.93,$273678.69
$273678.69,$454.80,$889.46,$273223.89
$273223.89,$456.28,$887.98,$272767.61
$272767.61,$457.76,$886.49,$272309.85
$272309.85,$459.25,$885.01,$271850.60
$271850.60,$460.74,$883.51,$271389.86
$271389.86,$462.24,$882.02,$270927.62
$270927.62,$463.74,$880.51,$270463.88
$270463.88,$465.25,$879.01,$269998.63
$269998.63,$466.76,$877.50,$269531.87
$269531.87,$468.28,$875.98,$269063.59
$269063.59,$469.80,$874.46,$268593.79
$268593.79,$471.32,$872.93,$268122.47
$268122.47,$472.86,$871.40,$267649.61
$267649.61,$474.39,$869.86,$267175.22
$267175.22,$475.93,$868.32,$266699.29
$266699.29,$477.48,$866.77,$266221.81
$266221.81,$479.03,$865.22,$265742.78
$265742.78,$480.59,$863.66,$265262.19
$265262.19,$482.15,$862.10,$264780.04
$264780.04,$483.72,$860.54,$264296.32
$264296.32,$485.29,$858.96,$263811.03
$263811.03,$486.87,$857.39,$263324.16
$263324.16,$488.45,$855.80,$262835.71
$262835.71,$490.04,$854.22,$262345.67
$262345.67,$491.63,$852.62,$261854.04
$261854.04,$493.23,$851.03,$261360.81
$261360.81,$494.83,$849.42,$260865.98
$260865.98,$496.44,$847.81,$260369.54
$260369.54,$498.05,$846.20,$259871.49
$259871.49,$499.67,$844.58,$259371.82
$259371.82,$501.30,$842.96,$258870.52
$258870.52,$502.93,$841.33,$258367.59
$258367.59,$504.56,$839.69,$257863.03
$257863.03,$506.20,$838.05,$257356.83
$257356.83,$507.84,$836.41,$256848.99
$256848.99,$509.50,$834.76,$256339.49
$256339.49,$511.15,$833.10,$255828.34
$255828.34,$512.81,$831.44,$255315.53
$255315.53,$514.48,$829.78,$254801.05
$254801.05,$516.15,$828.10,$254284.90
$254284.90,$517.83,$826.43,$253767.07
$253767.07,$519.51,$824.74,$253247.56
$253247.56,$521.20,$823.05,$252726.36
$252726.36,$522.89,$821.36,$252203.47
$252203.47,$524.59,$819.66,$251678.88
$251678.88,$526.30,$817.96,$251152.58
$251152.58,$528.01,$816.25,$250624.57
$250624.57,$529.72,$814.53,$250094.85
$250094.85,$531.45,$812.81,$249563.40
$249563.40,$533.17,$811.08,$249030.23
$249030.23,$534.91,$809.35,$248495.32
$248495.32,$536.64,$807.61,$247958.68
$247958.68,$538.39,$805.87,$247420.29
$247420.29,$540.14,$804.12,$246880.15
$246880.15,$541.89,$802.36,$246338.26
$246338.26,$543.66,$800.60,$245794.60
$245794.60,$545.42,$798.83,$245249.18
$245249.18,$547.19,$797.06,$244701.99
$244701.99,$548.97,$795.28,$244153.02
$244153.02,$550.76,$793.50,$243602.26
$243602.26,$552.55,$791.71,$243049.71
$243049.71,$554.34,$789.91,$242495.37
$242495.37,$556.14,$788.11,$241939.23
$241939.23,$557.95,$786.30,$241381.28
$241381.28,$559.77,$784.49,$240821.51
$240821.51,$561.58,$782.67,$240259.93
$240259.93,$563.41,$780.84,$239696.52
$239696.52,$565.24,$779.01,$239131.28
$239131.28,$567.08,$777.18,$238564.20
$238564.20,$568.92,$775.33,$237995.28
$237995.28,$570.77,$773.48,$237424.51
$237424.51,$572.62,$771.63,$236851.89
$236851.89,$574.49,$769.77,$236277.40
$236277.40,$576.35,$767.90,$235701.05
$235701.05,$578.23,$766.03,$235122.82
$235122.82,$580.11,$764.15,$234542.71
$234542.71,$581.99,$762.26,$233960.72
$233960.72,$583.88,$760.37,$233376.84
$233376.84,$585.78,$758.47,$232791.06
$232791.06,$587.68,$756.57,$232203.38
$232203.38,$589.59,$754.66,$231613.79
$231613.79,$591.51,$752.74,$231022.28
$231022.28,$593.43,$750.82,$230428.85
$230428.85,$595.36,$748.89,$229833.49
$229833.49,$597.30,$746.96,$229236.19
$229236.19,$599.24,$745.02,$228636.95
$228636.95,$601.18,$743.07,$228035.77
$228035.77,$603.14,$741.12,$227432.63
$227432.63,$605.10,$739.16,$226827.53
$226827.53,$607.06,$737.19,$226220.47
$226220.47,$609.04,$735.22,$225611.43
$225611.43,$611.02,$733.24,$225000.41
$225000.41,$613.00,$731.25,$224387.41
$224387.41,$615.00,$729.26,$223772.41
$223772.41,$616.99,$727.26,$223155.42
$223155.42,$619.00,$725.26,$222536.42
$222536.42,$621.01,$723.24,$221915.41
$221915.41,$623.03,$721.23,$221292.38
$221292.38,$625.05,$719.20,$220667.33
$220667.33,$627.09,$717.17,$220040.24
$220040.24,$629.12,$715.13,$219411.12
$219411.12,$631.17,$713.09,$218779.95
$218779.95,$633.22,$711.03,$218146.73
$218146.73,$635.28,$708.98,$217511.45
$217511.45,$637.34,$706.91,$216874.11
$216874.11,$639.41,$704.84,$216234.70
$216234.70,$641.49,$702.76,$215593.21
$215593.21,$643.58,$700.68,$214949.63
$214949.63,$645.67,$698.59,$214303.96
$214303.96,$647.77,$696.49,$213656.19
$213656.19,$649.87,$694.38,$213006.32
$213006.32,$651.98,$692.27,$212354.34
$212354.34,$654.10,$690.15,$211700.24
$211700.24,$656.23,$688.03,$211044.01
$211044.01,$658.36,$685.89,$210385.65
$210385.65,$660.50,$683.75,$209725.15
$209725.15,$662.65,$681.61,$209062.50
$209062.50,$664.80,$679.45,$208397.70
$208397.70,$666.96,$677.29,$207730.74
$207730.74,$669.13,$675.12,$207061.61
$207061.61,$671.30,$672.95,$206390.31
$206390.31,$673.49,$670.77,$205716.82
$205716.82,$675.67,$668.58,$205041.15
$205041.15,$677.87,$666.38,$204363.28
$204363.28,$680.07,$664.18,$203683.21
$203683.21,$682.28,$661.97,$203000.93
$203000.93,$684.50,$659.75,$202316.43
$202316.43,$686.73,$657.53,$201629.70
$201629.70,$688.96,$655.30,$200940.74
$200940.74,$691.20,$653.06,$200249.54
$200249.54,$693.44,$650.81,$199556.10
$199556.10,$695.70,$648.56,$198860.40
$198860.40,$697.96,$646.30,$198162.44
$198162.44,$700.23,$644.03,$197462.21
$197462.21,$702.50,$641.75,$196759.71
$196759.71,$704.79,$639.47,$196054.92
$196054.92,$707.08,$637.18,$195347.84
$195347.84,$709.37,$634.88,$194638.47
$194638.47,$711.68,$632.58,$193926.79
$193926.79,$713.99,$630.26,$193212.80
$193212.80,$716.31,$627.94,$192496.49
$192496.49,$718.64,$625.61,$191777.85
$191777.85,$720.98,$623.28,$191056.87
$191056.87,$723.32,$620.93,$190333.55
$190333.55,$725.67,$618.58,$189607.88
$189607.88,$728.03,$616.23,$188879.85
$188879.85,$730.39,$613.86,$188149.46
$188149.46,$732.77,$611.49,$187416.69
$187416.69,$735.15,$609.10,$186681.54
$186681.54,$737.54,$606.72,$185944.00
$185944.00,$739.94,$604.32,$185204.06
$185204.06,$742.34,$601.91,$184461.72
$184461.72,$744.75,$599.50,$183716.97
$183716.97,$747.17,$597.08,$182969.80
$182969.80,$749.60,$594.65,$182220.20
$182220.20,$752.04,$592.22,$181468.16
$181468.16,$754.48,$589.77,$180713.68
$180713.68,$756.93,$587.32,$179956.75
$179956.75,$759.39,$584.86,$179197.36
$179197.36,$761.86,$582.39,$178435.50
$178435.50,$764.34,$579.92,$177671.16
$177671.16,$766.82,$577.43,$176904.34
$176904.34,$769.32,$574.94,$176135.02
$176135.02,$771.82,$572.44,$175363.20
$175363.20,$774.32,$569.93,$174588.88
$174588.88,$776.84,$567.41,$173812.04
$173812.04,$779.37,$564.89,$173032.67
$173032.67,$781.90,$562.36,$172250.77
$172250.77,$784.44,$559.82,$171466.33
$171466.33,$786.99,$557.27,$170679.34
$170679.34,$789.55,$554.71,$169889.79
$169889.79,$792.11,$552.14,$169097.68
$169097.68,$794.69,$549.57,$168302.99
$168302.99,$797.27,$546.98,$167505.72
$167505.72,$799.86,$544.39,$166705.86
$166705.86,$802.46,$541.79,$165903.40
$165903.40,$805.07,$539.19,$165098.33
$165098.33,$807.68,$536.57,$164290.65
$164290.65,$810.31,$533.94,$163480.34
$163480.34,$812.94,$531.31,$162667.40
$162667.40,$815.59,$528.67,$161851.81
$161851.81,$818.24,$526.02,$161033.57
$161033.57,$820.90,$523.36,$160212.67
$160212.67,$823.56,$520.69,$159389.11
$159389.11,$826.24,$518.01,$158562.87
$158562.87,$828.93,$515.33,$157733.94
$157733.94,$831.62,$512.64,$156902.32
$156902.32,$834.32,$509.93,$156068.00
$156068.00,$837.03,$507.22,$155230.97
$155230.97,$839.75,$504.50,$154391.22
$154391.22,$842.48,$501.77,$153548.74
$153548.74,$845.22,$499.03,$152703.52
$152703.52,$847.97,$496.29,$151855.55
$151855.55,$850.72,$493.53,$151004.83
$151004.83,$853.49,$490.77,$150151.34
$150151.34,$856.26,$487.99,$149295.08
$149295.08,$859.05,$485.21,$148436.03
$148436.03,$861.84,$482.42,$147574.19
$147574.19,$864.64,$479.62,$146709.55
$146709.55,$867.45,$476.81,$145842.10
$145842.10,$870.27,$473.99,$144971.83
$144971.83,$873.10,$471.16,$144098.73
$144098.73,$875.93,$468.32,$143222.80
$143222.80,$878.78,$465.47,$142344.02
$142344.02,$881.64,$462.62,$141462.38
$141462.38,$884.50,$459.75,$140577.88
$140577.88,$887.38,$456.88,$139690.50
$139690.50,$890.26,$453.99,$138800.24
$138800.24,$893.15,$451.10,$137907.09
$137907.09,$896.06,$448.20,$137011.03
$137011.03,$898.97,$445.29,$136112.06
$136112.06,$901.89,$442.36,$135210.17
$135210.17,$904.82,$439.43,$134305.35
$134305.35,$907.76,$436.49,$133397.59
$133397.59,$910.71,$433.54,$132486.88
$132486.88,$913.67,$430.58,$131573.21
$131573.21,$916.64,$427.61,$130656.57
$130656.57,$919.62,$424.63,$129736.95
$129736.95,$922.61,$421.65,$128814.34
$128814.34,$925.61,$418.65,$127888.73
$127888.73,$928.62,$415.64,$126960.11
$126960.11,$931.63,$412.62,$126028.48
$126028.48,$934.66,$409.59,$125093.82
$125093.82,$937.70,$406.55,$124156.12
$124156.12,$940.75,$403.51,$123215.37
$123215.37,$943.80,$400.45,$122271.57
$122271.57,$946.87,$397.38,$121324.70
$121324.70,$949.95,$394.31,$120374.75
$120374.75,$953.04,$391.22,$119421.71
$119421.71,$956.13,$388.12,$118465.58
$118465.58,$959.24,$385.01,$117506.34
$117506.34,$962.36,$381.90,$116543.98
$116543.98,$965.49,$378.77,$115578.49
$115578.49,$968.62,$375.63,$114609.87
$114609.87,$971.77,$372.48,$113638.10
$113638.10,$974.93,$369.32,$112663.17
$112663.17,$978.10,$366.16,$111685.07
$111685.07,$981.28,$362.98,$110703.79
$110703.79,$984.47,$359.79,$109719.32
$109719.32,$987.67,$356.59,$108731.65
$108731.65,$990.88,$353.38,$107740.77
$107740.77,$994.10,$350.16,$106746.67
$106746.67,$997.33,$346.93,$105749.34
$105749.34,$1000.57,$343.69,$104748.77
$104748.77,$1003.82,$340.43,$103744.95
$103744.95,$1007.08,$337.17,$102737.87
$102737.87,$1010.36,$333.90,$101727.51
$101727.51,$1013.64,$330.61,$100713.87
$100713.87,$1016.93,$327.32,$99696.94
$99696.94,$1020.24,$324.02,$98676.70
$98676.70,$1023.56,$320.70,$97653.14
$97653.14,$1026.88,$317.37,$96626.26
$96626.26,$1030.22,$314.04,$95596.04
$95596.04,$1033.57,$310.69,$94562.47
$94562.47,$1036.93,$307.33,$93525.54
$93525.54,$1040.30,$303.96,$92485.24
$92485.24,$1043.68,$300.58,$91441.56
$91441.56,$1047.07,$297.19,$90394.49
$90394.49,$1050.47,$293.78,$89344.02
$89344.02,$1053.89,$290.37,$88290.13
$88290.13,$1057.31,$286.94,$87232.82
$87232.82,$1060.75,$283.51,$86172.07
$86172.07,$1064.20,$280.06,$85107.87
$85107.87,$1067.65,$276.60,$84040.22
$84040.22,$1071.12,$273.13,$82969.10
$82969.10,$1074.60,$269.65,$81894.50
$81894.50,$1078.10,$266.16,$80816.40
$80816.40,$1081.60,$262.65,$79734.80
$79734.80,$1085.12,$259.14,$78649.68
$78649.68,$1088.64,$255.61,$77561.04
$77561.04,$1092.18,$252.07,$76468.86
$76468.86,$1095.73,$248.52,$75373.13
$75373.13,$1099.29,$244.96,$74273.84
$74273.84,$1102.86,$241.39,$73170.98
$73170.98,$1106.45,$237.81,$72064.53
$72064.53,$1110.04,$234.21,$70954.49
$70954.49,$1113.65,$230.60,$69840.84
$69840.84,$1117.27,$226.98,$68723.57
$68723.57,$1120.90,$223.35,$67602.67
$67602.67,$1124.55,$219.71,$66478.12
$66478.12,$1128.20,$216.05,$65349.92
$65349.92,$1131.87,$212.39,$64218.05
$64218.05,$1135.55,$208.71,$63082.50
$63082.50,$1139.24,$205.02,$61943.26
$61943.26,$1142.94,$201.32,$60800.32
$60800.32,$1146.65,$197.60,$59653.67
$59653.67,$1150.38,$193.87,$58503.29
$58503.29,$1154.12,$190.14,$57349.17
$57349.17,$1157.87,$186.38,$56191.30
$56191.30,$1161.63,$182.62,$55029.67
$55029.67,$1165.41,$178.85,$53864.26
$53864.26,$1169.20,$175.06,$52695.06
$52695.06,$1173.00,$171.26,$51522.06
$51522.06,$1176.81,$167.45,$50345.25
$50345.25,$1180.63,$163.62,$49164.62
$49164.62,$1184.47,$159.79,$47980.15
$47980.15,$1188.32,$155.94,$46791.83
$46791.83,$1192.18,$152.07,$45599.65
$45599.65,$1196.06,$148.20,$44403.59
$44403.59,$1199.94,$144.31,$43203.65
$43203.65,$1203.84,$140.41,$41999.81
$41999.81,$1207.75,$136.50,$40792.06
$40792.06,$1211.68,$132.57,$39580.38
$39580.38,$1215.62,$128.64,$38364.76
$38364.76,$1219.57,$124.69,$37145.19
$37145.19,$1223.53,$120.72,$35921.66
$35921.66,$1227.51,$116.75,$34694.15
$34694.15,$1231.50,$112.76,$33462.65
$33462.65,$1235.50,$108.75,$32227.15
$32227.15,$1239.52,$104.74,$30987.63
$30987.63,$1243.54,$100.71,$29744.09
$29744.09,$1247.59,$96.67,$28496.50
$28496.50,$1251.64,$92.61,$27244.86
$27244.86,$1255.71,$88.55,$25989.15
$25989.15,$1259.79,$84.46,$24729.36
$24729.36,$1263.88,$80.37,$23465.48
$23465.48,$1267.99,$76.26,$22197.49
$22197.49,$1272.11,$72.14,$20925.38
$20925.38,$1276.25,$68.01,$19649.13
$19649.13,$1280.39,$63.86,$18368.74
$18368.74,$1284.56,$59.70,$17084.18
$17084.18,$1288.73,$55.52,$15795.45
$15795.45,$1292.92,$51.34,$14502.53
$14502.53,$1297.12,$47.13,$13205.41
$13205.41,$1301.34,$42.92,$11904.07
$11904.07,$1305.57,$38.69,$10598.50
$10598.50,$1309.81,$34.45,$9288.69
$9288.69,$1314.07,$30.19,$7974.62
$7974.62,$1318.34,$25.92,$6656.28
$6656.28,$1322.62,$21.63,$5333.66
$5333.66,$1326.92,$17.33,$4006.74
$4006.74,$1331.23,$13.02,$2675.51
$2675.51,$1335.56,$8.70,$1339.95
$1339.95,$1339.90,$4.35,$0.00
